array([[  15, 1902],
       [  19,  120],
       [  21,  136],
       [  26, 1958],
       [  34,  138],
       [  38,  353],
       [  46,  130],
       [  48,  166],
       [  52, 1955],
       [  57,  179],
       [  60, 1994],
       [  79, 1971],
       [ 110,  207],
       [ 112, 2008],
       [ 116,  216],
       [ 121, 2011],
       [ 122,  213],
       [ 128,  231],
       [ 129, 2013],
       [ 136,  222],
       [ 138, 2018],
       [ 144,  233],
       [ 159,  251],
       [ 162,  266],
       [ 163,  187],
       [ 170,  196],
       [ 178,  262],
       [ 186,  276],
       [ 187,  269],
       [ 192,  406],
       [ 197, 2040],
       [ 202,  421],
       [ 203,  294],
       [ 206,  291],
       [ 226,  729],
       [ 229, 2054],
       [ 241,  299],
       [ 258,  364],
       [ 264,  345],
       [ 274,  340],
       [ 277,  360],
       [ 285,  336],
       [ 290, 2061],
       [ 298, 2104],
       [ 304,  361],
       [ 305, 2031],
       [ 313,  444],
       [ 314,  433],
       [ 317,  426],
       [ 323,  416],
       [ 329,  371],
       [ 332,  383],
       [ 337,  424],
       [ 346,  441],
       [ 347,  482],
       [ 348,  475],
       [ 355,  488],
       [ 356,  489],
       [ 360,  485],
       [ 362, 2134],
       [ 363,  453],
       [ 371,  540],
       [ 375, 2154],
       [ 384, 2145],
       [ 385, 2146],
       [ 387,  542],
       [ 388,  541],
       [ 403,  497],
       [ 414, 2169],
       [ 415,  517],
       [ 425,  590],
       [ 426,  593],
       [ 428,  599],
       [ 437,  596],
       [ 438,  597],
       [ 457,  498],
       [ 458,  627],
       [ 460,  563],
       [ 462, 2215],
       [ 464,  523],
       [ 484,  466],
       [ 488,  543],
       [ 495, 2183],
       [ 496, 2184],
       [ 498,  548],
       [ 500,  583],
       [ 503,  600],
       [ 509,  660],
       [ 515,  693],
       [ 516, 2252],
       [ 518,  680],
       [ 519,  683],
       [ 523,  633],
       [ 527,  717],
       [ 528, 2266],
       [ 531,  662],
       [ 533,  701],
       [ 539, 2269],
       [ 543,  610],
       [ 545,  727],
       [ 546,  684],
       [ 550, 2217],
       [ 551,  707],
       [ 554,  625],
       [ 556, 2225],
       [ 560,  737],
       [ 561, 2221],
       [ 562,  638],
       [ 564,  733],
       [ 569, 2275],
       [ 577,  767],
       [ 582,  654],
       [ 585,  681],
       [ 586,  656],
       [ 588,  743],
       [ 589, 2234],
       [ 594, 2242],
       [ 595, 2243],
       [ 597, 2253],
       [ 603, 2249],
       [ 606,  689],
       [ 609,  800],
       [ 611,  714],
       [ 612,  818],
       [ 613,  783],
       [ 625,  791],
       [ 627, 2315],
       [ 632,  715],
       [ 640,  824],
       [ 641, 2281],
       [ 645,  892],
       [ 646, 2349],
       [ 647,  825],
       [ 650, 2359],
       [ 651, 2291],
       [ 657, 2298],
       [ 661,  775],
       [ 664, 2274],
       [ 665,  834],
       [ 670, 2286],
       [ 672, 2283],
       [ 676, 2316],
       [ 678,  850],
       [ 689,  816],
       [ 692,  951],
       [ 697,  881],
       [ 698, 2332],
       [ 699, 2331],
       [ 705,  911],
       [ 707, 2335],
       [ 708,  833],
       [ 729,  990],
       [ 730, 2352],
       [ 739, 2356],
       [ 740, 2357],
       [ 741,  997],
       [ 744,  843],
       [ 745,  842],
       [ 748,  855],
       [ 751,  982],
       [ 753, 2355],
       [ 756,  985],
       [ 759, 2411],
       [ 761,  930],
       [ 762,  931],
       [ 768,  978],
       [ 769,  977],
       [ 771,  983],
       [ 772,  972],
       [ 773,  932],
       [ 777, 1030],
       [ 778, 1011],
       [ 781, 2423],
       [ 791, 1040],
       [ 792, 2400],
       [ 799, 2397],
       [ 800, 2402],
       [ 815, 1071],
       [ 816, 1062],
       [ 817, 1045],
       [ 821, 1046],
       [ 826, 1059],
       [ 833, 1083],
       [ 837, 1093],
       [ 838, 1098],
       [ 841, 2449],
       [ 842, 1095],
       [ 855, 1113],
       [ 856, 1117],
       [ 857, 1118],
       [ 861, 1068],
       [ 862, 2431],
       [ 863, 1126],
       [ 865, 1084],
       [ 869, 1131],
       [ 870, 2475],
       [ 872, 2469],
       [ 873, 2447],
       [ 874, 2438],
       [ 875, 2439],
       [ 885, 2440],
       [ 893, 1109],
       [ 897, 1119],
       [ 898, 1115],
       [ 901, 2455],
       [ 902, 2484],
       [ 904, 1127],
       [ 905, 1128],
       [ 906, 2453],
       [ 907, 2489],
       [ 908, 1167],
       [ 911, 2467],
       [ 913, 1169],
       [ 914, 1170],
       [ 915, 1132],
       [ 917, 1173],
       [ 919, 2498],
       [ 920, 1154],
       [ 921, 2466],
       [ 925, 1146],
       [ 928, 1162],
       [ 931, 1188],
       [ 933, 1207],
       [ 935, 1145],
       [ 939, 1205],
       [ 941, 2482],
       [ 942, 2478],
       [ 943, 2476],
       [ 947, 2483],
       [ 959, 2488],
       [ 963, 2518],
       [ 965, 1219],
       [ 966, 1220],
       [ 970, 1233],
       [ 975, 2499],
       [ 977, 2526],
       [ 978, 2509],
       [ 980, 1202],
       [ 982, 2503],
       [ 984, 2512],
       [ 986, 1203],
       [ 987, 1254],
       [ 988, 2523],
       [ 989, 2511],
       [ 990, 1259],
       [ 991, 1231],
       [ 992, 2521],
       [ 996, 1225],
       [1003, 2532],
       [1004, 2527],
       [1008, 1245],
       [1009, 1272],
       [1010, 1280],
       [1014, 1250],
       [1015, 2529],
       [1016, 1253],
       [1019, 1257],
       [1023, 1267],
       [1025, 1293],
       [1027, 2535],
       [1030, 1295],
       [1032, 1281],
       [1033, 2538],
       [1034, 1273],
       [1035, 1284],
       [1037, 2542],
       [1039, 2544],
       [1040, 1349],
       [1041, 2541],
       [1049, 1296],
       [1050, 1299],
       [1053, 2551],
       [1056, 1315],
       [1060, 1347],
       [1063, 1325],
       [1064, 1326],
       [1065, 2558],
       [1066, 1348],
       [1069, 1329],
       [1071, 1333],
       [1076, 2560],
       [1082, 1355],
       [1086, 2562],
       [1088, 1387],
       [1089, 1368],
       [1099, 1373],
       [1115, 1385],
       [1126, 1393],
       [1135, 1411],
       [1142, 1412],
       [1146, 1420],
       [1151, 1430],
       [1162, 1490],
       [1186, 2631],
       [1188, 1491],
       [1197, 2574],
       [1237, 1576],
       [1238, 1580],
       [1243, 1573],
       [1244, 3909],
       [1255, 1594],
       [1257, 1595],
       [1275, 1601],
       [1279, 1605],
       [1280, 1606],
       [1284, 2683],
       [1290, 1646],
       [1293, 2692],
       [1303, 1664],
       [1305, 1663],
       [1309, 1678],
       [1311, 1677],
       [1312, 1676],
       [1313, 2721],
       [1320, 1690],
       [1321, 1691],
       [1326, 1688],
       [1328, 1692],
       [1329, 1698],
       [1337, 1715],
       [1349, 1751],
       [1362, 3424],
       [1365, 1763],
       [1367, 3427],
       [1395, 1888],
       [1397,  103],
       [1400, 1933],
       [1404, 1941],
       [1405, 1957],
       [1406, 1966],
       [1407, 1927],
       [1408, 1975],
       [1411, 1940],
       [1415, 1952],
       [1421, 1949],
       [1424, 1953],
       [1430, 2035],
       [1434, 2036],
       [1438,  279],
       [1447,  287],
       [1449, 2004],
       [1454, 1889],
       [1455, 2049],
       [1456, 2874],
       [1467, 1907],
       [1472, 1946],
       [1473, 2876],
       [1479, 1974],
       [1482, 1964],
       [1483, 1965],
       [1484, 2020],
       [1489, 2021],
       [1493, 2885],
       [1495,  254],
       [1497, 2024],
       [1501, 2033],
       [1509, 2048],
       [1511, 2845],
       [1512, 2844],
       [1516, 2046],
       [1518, 1983],
       [1519,  316],
       [1520, 2050],
       [1521, 2051],
       [1522, 2907],
       [1523, 2057],
       [1534, 2077],
       [1543, 2085],
       [1546,  423],
       [1547, 2930],
       [1548, 2092],
       [1550, 2910],
       [1551,  428],
       [1552, 2939],
       [1559, 2931],
       [1560, 2113],
       [1563, 2107],
       [1568, 2157],
       [1575, 2114],
       [1579, 2140],
       [1581, 2136],
       [1582, 2135],
       [1584, 2162],
       [1585,  531],
       [1586, 2960],
       [1588, 2179],
       [1590, 2073],
       [1594, 2165],
       [1595,  632],
       [1599, 2923],
       [1603, 2981],
       [1611, 2202],
       [1612, 2190],
       [1621, 2204],
       [1629, 3018],
       [1630, 2210],
       [1632, 2218],
       [1636, 2198],
       [1637, 2181],
       [1638, 2182],
       [1639, 2211],
       [1640, 2223],
       [1644,  637],
       [1647, 2996],
       [1649, 2196],
       [1653, 2222],
       [1654, 2230],
       [1655, 2231],
       [1656, 2228],
       [1659, 2208],
       [1662, 2216],
       [1665, 2232],
       [1666, 2240],
       [1667, 2227],
       [1672, 2226],
       [1674, 3023],
       [1675, 3004],
       [1676, 2986],
       [1682, 2241],
       [1687,  569],
       [1688, 2250],
       [1690, 3020],
       [1691, 2220],
       [1693, 3062],
       [1696, 2285],
       [1705, 2289],
       [1706, 2270],
       [1713, 2306],
       [1714, 3071],
       [1716, 3046],
       [1717, 2236],
       [1718, 3087],
       [1722, 3093],
       [1725, 3082],
       [1727, 2293],
       [1728,  774],
       [1732, 2319],
       [1736, 3054],
       [1740, 3073],
       [1741, 2276],
       [1743, 2329],
       [1744, 2328],
       [1749, 3078],
       [1758, 3081],
       [1759, 2342],
       [1760, 2379],
       [1763, 3120],
       [1764, 3085],
       [1766, 2376],
       [1788, 3103],
       [1796, 3105],
       [1797, 3100],
       [1798, 3099],
       [1803, 2353],
       [1805, 2404],
       [1807, 2336],
       [1808, 1031],
       [1813, 3152],
       [1819, 3137],
       [1822, 2377],
       [1823, 2378],
       [1835, 2412],
       [1836, 2383],
       [1837, 2418],
       [1838, 2410],
       [1841, 2394],
       [1844, 2420],
       [1851, 2427],
       [1859, 2433],
       [1860, 2434],
       [1863, 3214],
       [1864, 3215],
       [1867, 2882],
       [1870, 3190],
       [1871, 3191],
       [1872, 3178],
       [1878, 3192],
       [1879, 2457],
       [1880, 3218],
       [1881, 2446],
       [1882, 2458],
       [1883, 3193],
       [1884, 3186],
       [1886, 2452],
       [1887, 3196],
       [1888, 3194],
       [1894, 3220],
       [1898, 3235],
       [1899, 3236],
       [1901, 2448],
       [1902, 3213],
       [1903, 3222],
       [1905, 2461],
       [1906, 3229],
       [1907, 3221],
       [1908, 3231],
       [1909, 3223],
       [1910, 2491],
       [1911, 2492],
       [1912, 2472],
       [1913, 2501],
       [1914, 3233],
       [1915, 3234],
       [1916, 3254],
       [1918, 2510],
       [1919, 2487],
       [1920, 2486],
       [1921, 3247],
       [1922, 3248],
       [1923, 3239],
       [1924, 3249],
       [1925, 3245],
       [1926, 3246],
       [1927, 2495],
       [1928, 2490],
       [1930, 2522],
       [1931, 2493],
       [1933, 3253],
       [1934, 3251],
       [1935, 3252],
       [1936, 2524],
       [1937, 3255],
       [1939, 2528],
       [1943, 2531],
       [1945, 2533],
       [1949, 2534],
       [1952, 3261],
       [1953, 1327],
       [1957, 3263],
       [1958, 3262],
       [1966, 3265],
       [1969, 2553],
       [1970, 3267],
       [1974, 2548],
       [1976, 2550],
       [1978, 2557],
       [1985, 2570],
       [1986, 2571],
       [1987, 2569],
       [1989, 3277],
       [2010, 3295],
       [2057, 3324],
       [2063, 3330],
       [2092, 2646],
       [2114, 3350],
       [2116, 3351],
       [2137, 4214],
       [2138, 4213],
       [2140, 3375],
       [2142, 3925],
       [2143, 3376],
       [2145, 2690],
       [2147, 2069],
       [2148, 2700],
       [2161, 2708],
       [2171, 2716],
       [2173, 3397],
       [2176, 2719],
       [2178, 2722],
       [2182, 2725],
       [2183, 2724],
       [2188, 2739],
       [2192, 2748],
       [2193, 2749],
       [2195, 3417],
       [2196, 3416],
       [2197, 3419],
       [2230, 1954],
       [2232, 2840],
       [2233, 2856],
       [2235, 2863],
       [2236, 1984],
       [2238, 2847],
       [2240, 2039],
       [2250, 2898],
       [2263, 3545],
       [2266, 2929],
       [2267, 2093],
       [2274, 2932],
       [2279, 2908],
       [2281, 2928],
       [2284, 2940],
       [2285, 2942],
       [2286, 2937],
       [2289, 2955],
       [2290, 2956],
       [2292, 2961],
       [2293, 3572],
       [2298, 2952],
       [2302, 2171],
       [2307, 2964],
       [2310, 2967],
       [2319, 3684],
       [2323, 3008],
       [2331, 2977],
       [2334, 2191],
       [2335, 2984],
       [2336, 2975],
       [2337, 2976],
       [2347, 3730],
       [2348, 3731],
       [2351, 2990],
       [2352, 2989],
       [2354, 3032],
       [2359, 2229],
       [2360, 2998],
       [2361, 2999],
       [2367, 3601],
       [2368, 3602],
       [2375, 2972],
       [2377, 2244],
       [2381, 3040],
       [2386, 3052],
       [2387, 3030],
       [2388, 3001],
       [2389, 3002],
       [2390, 3037],
       [2392, 2259],
       [2393, 3608],
       [2395, 2994],
       [2397, 3024],
       [2398, 3043],
       [2399, 3027],
       [2409, 3080],
       [2410, 3049],
       [2416, 3695],
       [2423, 3101],
       [2424, 3070],
       [2427, 3127],
       [2429, 3108],
       [2430, 3706],
       [2431, 3096],
       [2442, 3126],
       [2456, 3151],
       [2462, 2406],
       [2463, 3687],
       [2465, 3165],
       [2466, 2416],
       [2467, 3724],
       [2475, 2415],
       [2476, 3109],
       [2485, 3133],
       [2487, 3716],
       [2488, 3717],
       [2492, 3738],
       [2493, 3710],
       [2494, 3161],
       [2495, 3162],
       [2496, 3147],
       [2500, 3742],
       [2504, 3176],
       [2507, 3181],
       [2515, 3156],
       [2517, 3746],
       [2530, 3185],
       [2538, 3757],
       [2539, 3739],
       [2543, 3183],
       [2544, 3205],
       [2551, 3740],
       [2552, 3751],
       [2553, 3750],
       [2554, 3749],
       [2555, 3748],
       [2557, 3766],
       [2559, 3230],
       [2561, 3210],
       [2562, 3764],
       [2566, 3227],
       [2567, 3237],
       [2568, 3219],
       [2571, 3242],
       [2575, 3769],
       [2583, 3241],
       [2584, 3240],
       [2585, 3238],
       [2589, 3781],
       [2590, 3782],
       [2591, 3777],
       [2592, 3778],
       [2593, 3258],
       [2594, 3256],
       [2595, 3260],
       [2596, 3784],
       [2604, 3795],
       [2606, 3787],
       [2607, 3805],
       [2608, 3268],
       [2609, 3280],
       [2612, 3274],
       [2613, 3273],
       [2614, 3272],
       [2618, 3810],
       [2619, 3281],
       [2623, 3288],
       [2629, 3289],
       [2634, 3296],
       [2637, 3301],
       [2639, 4156],
       [2645, 3845],
       [2652, 3314],
       [2653, 3315],
       [2654, 3316],
       [2671, 3323],
       [2672, 3322],
       [2677, 2623],
       [2678, 2624],
       [2694, 3332],
       [2697, 3333],
       [2698, 3334],
       [2712, 3896],
       [2713, 3897],
       [2725, 3914],
       [2730, 3365],
       [2734, 3370],
       [2737, 2674],
       [2742, 2680],
       [2745, 4223],
       [2751, 4231],
       [2752, 4230],
       [2755, 2704],
       [2757, 2718],
       [2762, 3400],
       [2763, 3405],
       [2764, 3406],
       [2766, 3409],
       [2776, 3979],
       [2777, 3980],
       [2781, 3498],
       [2784, 3491],
       [2789, 3526],
       [2790, 3527],
       [2794, 3537],
       [2799, 3977],
       [2806, 3986],
       [2810, 3533],
       [2811, 3514],
       [2817, 3570],
       [2818, 3571],
       [2821, 3566],
       [2822, 3543],
       [2825, 4028],
       [2828, 4029],
       [2829, 3582],
       [2832, 3587],
       [2833, 3592],
       [2834, 3586],
       [2840, 3605],
       [2841, 3606],
       [2848, 4041],
       [2850, 3591],
       [2853, 4348],
       [2855, 3625],
       [2858, 3682],
       [2864, 3650],
       [2865, 4062],
       [2866, 4063],
       [2868, 4073],
       [2869, 4058],
       [2872, 4071],
       [2874, 4329],
       [2879, 4077],
       [2880, 4066],
       [2881, 4067],
       [2885, 3692],
       [2886, 4079],
       [2892, 3672],
       [2893, 3673],
       [2898, 4082],
       [2899, 4081],
       [2903, 4090],
       [2910, 4099],
       [2913, 4097],
       [2916, 4103],
       [2925, 4105],
       [2926, 3756],
       [2929, 4114],
       [2931, 4116],
       [2936, 3759],
       [2937, 3761],
       [2939, 4111],
       [2941, 4122],
       [2946, 3772],
       [2947, 3767],
       [2954, 4125],
       [2955, 4121],
       [2960, 4129],
       [2969, 3790],
       [2970, 3801],
       [2972, 3806],
       [2973, 3802],
       [2975, 4145],
       [2976, 3270],
       [2977, 3271],
       [2978, 4142],
       [2979, 3797],
       [2980, 3798],
       [2981, 3799],
       [2982, 4144],
       [2983, 4141],
       [2984, 3828],
       [2985, 3292],
       [2986, 3293],
       [2988, 3822],
       [2990, 3836],
       [2991, 3837],
       [2993, 3306],
       [2998, 3850],
       [2999, 3847],
       [3002, 3854],
       [3020, 3865],
       [3021, 3864],
       [3023, 3869],
       [3033, 3875],
       [3041, 4386],
       [3047, 3895],
       [3069, 4206],
       [3089, 4229],
       [3091, 3932],
       [3092, 3931],
       [3099, 3940],
       [3116, 3983],
       [3118, 3981],
       [3119, 3982],
       [3121, 3997],
       [3122, 3998],
       [3124, 4275],
       [3128, 4257],
       [3131, 4008],
       [3132, 4276],
       [3136, 4264],
       [3138, 4290],
       [3139, 3564],
       [3142, 4019],
       [3147, 4293],
       [3148, 4021],
       [3151, 4034],
       [3152, 4296],
       [3154, 4040],
       [3156, 4300],
       [3158, 3551],
       [3160, 4048],
       [3161, 4308],
       [3162, 4303],
       [3166, 4312],
       [3168, 4337],
       [3170, 4317],
       [3171, 4310],
       [3172, 4311],
       [3177, 4053],
       [3179, 4061],
       [3180, 4322],
       [3181, 4318],
       [3182, 4319],
       [3187, 4328],
       [3188, 4326],
       [3189, 4068],
       [3190, 4320],
       [3194, 4334],
       [3195, 4333],
       [3196, 4330],
       [3200, 4336],
       [3201, 4332],
       [3207, 4345],
       [3213, 4092],
       [3217, 4350],
       [3225, 4347],
       [3230, 4110],
       [3231, 4353],
       [3233, 4120],
       [3234, 4115],
       [3236, 4359],
       [3237, 4360],
       [3240, 4358],
       [3244, 4123],
       [3245, 4362],
       [3249, 4133],
       [3250, 4136],
       [3251, 4137],
       [3252, 4138],
       [3253, 4367],
       [3255, 4371],
       [3256, 4140],
       [3257, 4372],
       [3259, 3811],
       [3261, 4160],
       [3270, 4346],
       [3281, 4186],
       [3291, 4197],
       [3293, 4391],
       [3297, 4393],
       [3300, 4400],
       [3301, 4218],
       [3307, 4234],
       [3308, 4236],
       [3311, 4418],
       [3313, 4249],
       [3315, 4423],
       [3325, 4270],
       [3327, 3995],
       [3334, 4278],
       [3336, 4432],
       [3341, 4284],
       [3343, 4281],
       [3344, 4282],
       [3345, 4441],
       [3347, 4283],
       [3352, 4294],
       [3353, 4279],
       [3354, 4299],
       [3355, 4292],
       [3357, 4458],
       [3358, 4301],
       [3361, 4302],
       [3363, 4608],
       [3364, 4304],
       [3376, 4297],
       [3383, 4327],
       [3384, 4316],
       [3385, 4314],
       [3386, 4325],
       [3387, 4324],
       [3399, 4480],
       [3404, 4101],
       [3407, 4494],
       [3410, 4499],
       [3411, 4357],
       [3412, 4502],
       [3415, 4511],
       [3416, 4368],
       [3422, 4379],
       [3426, 4527],
       [3432, 4540],
       [3444, 4413],
       [3447, 4545],
       [3450, 4422],
       [3460, 4271],
       [3462, 4440],
       [3465, 4436],
       [3467, 4445],
       [3468, 4438],
       [3469, 4439],
       [3470, 4585],
       [3477, 4588],
       [3481, 4462],
       [3484, 4472],
       [3485, 4470],
       [3488, 4468],
       [3491, 4599],
       [3493, 4474],
       [3495, 4600],
       [3496, 4475],
       [3499, 4604],
       [3500, 4605],
       [3502, 4481],
       [3504, 4484],
       [3505, 4486],
       [3506, 4609],
       [3509, 4613],
       [3520, 4616],
       [3522, 4504],
       [3524, 4507],
       [3525, 4623],
       [3531, 4632],
       [3550, 4652],
       [3561, 4554],
       [3565, 4572],
       [3566, 4565],
       [3567, 4576],
       [3568, 4566],
       [3569, 4664],
       [3570, 4574],
       [3571, 4575],
       [3572, 4569],
       [3580, 4582],
       [3581, 4583],
       [3583, 4586],
       [3587, 4579],
       [3588, 4580],
       [3589, 4584],
       [3590, 4449],
       [3591, 4674],
       [3592, 4680],
       [3603, 4696],
       [3604, 4695],
       [3605, 4601],
       [3611, 4700],
       [3613, 4610],
       [3614, 4612],
       [3618, 4621],
       [3619, 4622],
       [3621, 4624],
       [3625, 4628],
       [3627, 4710],
       [3628, 4711],
       [3631, 4715],
       [3632, 4717],
       [3635, 4633],
       [3637, 4634],
       [3646, 4721],
       [3658, 4655],
       [3659, 4657],
       [3663, 4660],
       [3664, 4667],
       [3665, 4668],
       [3667, 4663],
       [3677, 4678],
       [3678, 4679],
       [3683, 4685],
       [3684, 4686],
       [3685, 4691],
       [3686, 4681],
       [3689, 4751],
       [3690, 4694],
       [3696, 4754],
       [3698, 4753],
       [3700, 4699],
       [3701, 4701],
       [3702, 4702],
       [3706, 4706],
       [3707, 4708],
       [3708, 4707],
       [3714, 4763],
       [3719, 4718],
       [3735, 4728],
       [3738, 4782],
       [3740, 4735],
       [3741, 4736],
       [3747, 4786],
       [3749, 4785],
       [3755, 4743],
       [3757, 4790],
       [3758, 4789],
       [3759, 4747],
       [3760, 4748],
       [3761, 4749],
       [3762, 4750],
       [3763, 4752],
       [3764, 4794],
       [3768, 4755],
       [3775, 4758],
       [3776, 4760],
       [3781, 4767],
       [3782, 4766],
       [3787, 4637],
       [3789, 4775],
       [3790, 4774],
       [3804, 4787],
       [3805, 4744],
       [3807, 4792],
       [3808, 4817],
       [3809, 4816],
       [3810, 4796],
       [3831, 4836],
       [3832, 4815],
       [3833, 4838],
       [3843, 4818],
       [3844, 4819],
       [3851, 4822],
       [3852, 4845],
       [3854, 4823],
       [3862, 4852],
       [3866, 4841],
       [3877, 4851],
       [3882, 4869],
       [3894, 4873]], dtype=uint32)